0 0.897281 0.460250 0.070922 0.064389
0 0.508844 0.566375 0.054641 0.063167
0 0.432332 0.509937 0.055180 0.074986
0 0.293238 0.778486 0.072430 0.150000
0 0.195395 0.387681 0.030773 0.035167
0 0.217371 0.405424 0.028945 0.040708
0 0.737738 0.492535 0.051555 0.051847
0 0.328020 0.541375 0.038570 0.062972
0 0.292254 0.506646 0.039008 0.062097
0 0.251699 0.551090 0.041086 0.049458
0 0.748547 0.577972 0.070609 0.064361
0 0.544289 0.733528 0.073797 0.110306
0 0.743434 0.802250 0.135789 0.215472
0 0.392437 0.643931 0.096391 0.200833
0 0.430418 0.571340 0.042273 0.074153
0 0.913605 0.577306 0.082945 0.086500
0 0.301063 0.596229 0.042797 0.074347
0 0.374949 0.476153 0.044383 0.050139
0 0.261289 0.484000 0.040703 0.055361
0 0.261527 0.460243 0.040695 0.036597
0 0.333816 0.486021 0.042555 0.046042
0 0.322051 0.417250 0.041477 0.034167
0 0.291172 0.439194 0.039016 0.041028
0 0.404746 0.414451 0.037555 0.035819
0 0.259867 0.409500 0.041031 0.037778
