0 0.498109 0.628722 0.066484 0.102194
0 0.766156 0.642278 0.077375 0.085111
0 0.920125 0.651618 0.100234 0.102764
0 0.703902 0.503556 0.056852 0.056694
0 0.628617 0.510549 0.052250 0.047597
0 0.650879 0.573160 0.051320 0.038792
0 0.467348 0.438743 0.040352 0.050375
0 0.308668 0.521285 0.039961 0.057486
0 0.544996 0.502125 0.044727 0.050056
0 0.657918 0.699174 0.088586 0.113542
0 0.401004 0.677424 0.060992 0.114903
0 0.443539 0.502944 0.049437 0.066778
0 0.369398 0.587653 0.046719 0.076750
0 0.693453 0.502632 0.035781 0.050653
0 0.871273 0.931986 0.143703 0.136028
0 0.414141 0.432188 0.048594 0.033542
0 0.346645 0.423681 0.024742 0.037472
0 0.354078 0.405431 0.033750 0.019639
0 0.533121 0.580535 0.060008 0.100403
0 0.660789 0.964924 0.118844 0.065903
0 0.541289 0.450924 0.049578 0.053681
0 0.377805 0.518917 0.064016 0.062444
0 0.383551 0.480396 0.049898 0.054264
0 0.333977 0.482444 0.040047 0.054861
0 0.256504 0.486528 0.046617 0.054861
0 0.251578 0.450340 0.038078 0.043181
0 0.195437 0.450049 0.033484 0.051931
0 0.298937 0.420146 0.036547 0.027319
0 0.261332 0.412681 0.024711 0.026694
0 0.214441 0.403847 0.026727 0.025444
0 0.234309 0.402590 0.025539 0.025847
0 0.188957 0.393340 0.021164 0.023764
0 0.174293 0.399750 0.019992 0.023556
0 0.597602 0.826569 0.094047 0.139778
