0 0.814859 0.923222 0.198094 0.153556
0 0.426504 0.917778 0.137508 0.164444
0 0.780035 0.422132 0.058008 0.057042
0 0.184621 0.389104 0.023555 0.023708
0 0.212145 0.400194 0.024117 0.028750
0 0.250695 0.397229 0.021859 0.034347
0 0.373242 0.440618 0.041188 0.045208
0 0.410617 0.432486 0.042719 0.045194
0 0.264172 0.474972 0.058984 0.056056
0 0.352395 0.492597 0.081867 0.094917
0 0.453332 0.509326 0.061023 0.074125
0 0.482750 0.459958 0.040453 0.051111
0 0.306184 0.413299 0.020102 0.019597
0 0.613719 0.476444 0.036594 0.034639
0 0.575605 0.480167 0.052039 0.051056
0 0.482926 0.471910 0.041492 0.029542
0 0.386320 0.626479 0.060344 0.094069
0 0.591023 0.523118 0.037328 0.045514
0 0.456922 0.587201 0.055906 0.070347
0 0.276934 0.604681 0.046836 0.076667
0 0.785410 0.561993 0.099039 0.095264
0 0.850078 0.562396 0.061766 0.079153
0 0.718422 0.604090 0.064609 0.080347
0 0.528711 0.726479 0.068359 0.103097
