0 0.240484 0.466326 0.041906 0.049708
0 0.661738 0.492771 0.050555 0.035014
0 0.735273 0.620910 0.074719 0.074264
0 0.195324 0.436431 0.026727 0.034000
0 0.220598 0.399222 0.037367 0.024722
0 0.221055 0.424604 0.045250 0.028653
0 0.436246 0.437924 0.035211 0.039347
0 0.356816 0.421285 0.035180 0.030264
0 0.344477 0.432375 0.037734 0.035306
0 0.367711 0.509479 0.056688 0.067181
0 0.430777 0.503625 0.042195 0.061722
0 0.450801 0.949306 0.131383 0.101389
0 0.650543 0.523597 0.059820 0.047861
0 0.560852 0.510090 0.048672 0.048569
0 0.289469 0.501903 0.037484 0.041806
0 0.779273 0.545604 0.044672 0.039958
0 0.745027 0.559569 0.055695 0.054778
0 0.396125 0.691528 0.059344 0.093444
0 0.502387 0.554028 0.049195 0.056472
0 0.267316 0.539250 0.040164 0.069194
0 0.620637 0.550562 0.052273 0.055542
0 0.866848 0.720812 0.096039 0.097514
0 0.205086 0.480826 0.038531 0.053292
