0 0.768801 0.568944 0.067367 0.067306
0 0.635223 0.557438 0.058961 0.051931
0 0.772852 0.652861 0.078312 0.090583
0 0.814422 0.519597 0.059906 0.057917
0 0.608117 0.889674 0.110719 0.182292
0 0.275813 0.707993 0.062688 0.101264
0 0.271941 0.832722 0.080508 0.161889
0 0.686523 0.742688 0.090188 0.116347
0 0.497332 0.481389 0.042758 0.038750
0 0.462691 0.949444 0.114289 0.095083
0 0.762918 0.409319 0.037430 0.050444
0 0.965617 0.707667 0.064375 0.065278
0 0.326926 0.427458 0.034852 0.035861
0 0.479520 0.623764 0.081867 0.122944
0 0.375785 0.614729 0.098133 0.130181
0 0.549711 0.464396 0.067609 0.066181
0 0.589977 0.454944 0.047859 0.056722
0 0.238738 0.534424 0.046336 0.072931
0 0.272926 0.488167 0.043305 0.058750
0 0.304828 0.467576 0.046344 0.058069
0 0.397277 0.447160 0.036039 0.033292
0 0.424801 0.438576 0.043977 0.039347
0 0.316980 0.406299 0.029789 0.023208
0 0.265422 0.407701 0.025641 0.026375
0 0.236750 0.409660 0.033156 0.029625
0 0.193250 0.397444 0.023078 0.023444
