0 0.853082 0.942514 0.107055 0.108250
0 0.874926 0.697778 0.079148 0.081972
0 0.507133 0.464465 0.040359 0.037986
0 0.423809 0.421687 0.037070 0.034153
0 0.668086 0.521965 0.043828 0.044931
0 0.340457 0.421069 0.031586 0.039028
0 0.382117 0.624201 0.050766 0.077236
0 0.239656 0.521167 0.040266 0.063167
0 0.307414 0.529340 0.047016 0.072653
0 0.273965 0.839493 0.085648 0.135764
0 0.639145 0.561507 0.038602 0.050625
0 0.985582 0.636264 0.028383 0.087583
0 0.830715 0.612056 0.071617 0.062139
0 0.185875 0.389542 0.038781 0.041028
0 0.190563 0.467951 0.038500 0.042292
0 0.186883 0.429375 0.038500 0.053194
0 0.232207 0.398521 0.025930 0.029181
0 0.251414 0.401729 0.038734 0.035597
0 0.292445 0.459799 0.062375 0.075875
0 0.349727 0.497819 0.067734 0.057417
0 0.570262 0.451611 0.074039 0.057417
0 0.567898 0.491514 0.069313 0.047611
0 0.598617 0.649743 0.094516 0.134431
0 0.435973 0.889882 0.123664 0.180625
