0 0.715336 0.513646 0.055375 0.059792
0 0.313867 0.415049 0.029781 0.041597
0 0.366016 0.424792 0.040141 0.047306
0 0.246949 0.907264 0.098727 0.153556
0 0.877773 0.645674 0.082687 0.071264
0 0.576258 0.483083 0.050875 0.052889
0 0.774734 0.870417 0.118641 0.148306
0 0.456187 0.604014 0.051344 0.077194
0 0.700340 0.598917 0.066695 0.071306
0 0.267227 0.587076 0.047422 0.076542
0 0.521508 0.653722 0.071312 0.110250
0 0.850840 0.694007 0.089523 0.083181
0 0.340656 0.542938 0.051359 0.061986
0 0.284801 0.690958 0.060633 0.132806
0 0.409402 0.675194 0.059086 0.113833
0 0.672535 0.938958 0.158570 0.122083
0 0.491762 0.549451 0.058445 0.077681
0 0.424516 0.539111 0.058453 0.090278
0 0.237680 0.513389 0.052484 0.066083
0 0.267473 0.483125 0.040570 0.063056
0 0.228602 0.447056 0.046250 0.056500
0 0.241590 0.405653 0.033242 0.034333
0 0.261613 0.393833 0.025805 0.033778
0 0.229004 0.386090 0.032773 0.033486
0 0.209527 0.403403 0.027070 0.029278
0 0.180164 0.394396 0.033563 0.032097
0 0.445820 0.461493 0.039734 0.038264
0 0.462363 0.443903 0.031352 0.044750
0 0.484133 0.428563 0.049234 0.052347
0 0.595410 0.462396 0.041477 0.043069
