0 0.273012 0.580118 0.054133 0.059625
0 0.328457 0.541986 0.064570 0.066167
0 0.344027 0.495396 0.056977 0.041875
0 0.346687 0.464667 0.041781 0.061444
0 0.240523 0.524771 0.054312 0.046597
0 0.195891 0.471424 0.039500 0.068208
0 0.241664 0.469736 0.037609 0.052667
0 0.271668 0.449139 0.053555 0.053333
0 0.213176 0.432257 0.041398 0.053347
0 0.670293 0.955167 0.132320 0.089667
0 0.546652 0.590736 0.085773 0.104083
0 0.499680 0.479139 0.042844 0.048417
0 0.542945 0.432986 0.056750 0.040861
0 0.474426 0.415076 0.045680 0.054486
0 0.447613 0.456181 0.038586 0.050944
0 0.312879 0.411535 0.032930 0.029542
0 0.237762 0.398167 0.035305 0.033778
0 0.264199 0.410271 0.033086 0.031514
0 0.187809 0.392535 0.028180 0.029264
0 0.663152 0.476292 0.043758 0.030861
0 0.375547 0.409528 0.028938 0.046417
0 0.395551 0.440806 0.056461 0.060528
0 0.840418 0.959729 0.047195 0.068264
0 0.282738 0.782111 0.078508 0.169556
0 0.936516 0.692208 0.085641 0.076556
0 0.979398 0.580125 0.041125 0.071694
0 0.447281 0.573403 0.053781 0.065833
0 0.610254 0.474090 0.050336 0.051625
0 0.596523 0.529813 0.038641 0.048931
0 0.397578 0.657521 0.069687 0.137236
0 0.929129 0.608486 0.083602 0.075306
0 0.676910 0.580743 0.062211 0.066819
0 0.522504 0.693181 0.066523 0.116250
0 0.682719 0.721694 0.086203 0.128083
0 0.811191 0.676153 0.085023 0.082917
0 0.285953 0.630326 0.057656 0.061708
