0 0.990824 0.642319 0.018023 0.057972
0 0.330066 0.544444 0.048008 0.071000
0 0.229137 0.471174 0.026133 0.029681
0 0.539215 0.578479 0.061523 0.095819
0 0.460906 0.518812 0.077797 0.077736
0 0.378277 0.514736 0.053898 0.064194
0 0.385824 0.483514 0.041586 0.039722
0 0.516523 0.432549 0.054219 0.034847
0 0.463035 0.446556 0.042133 0.038111
0 0.390863 0.442812 0.061180 0.039736
0 0.324094 0.447854 0.046344 0.052431
0 0.273535 0.461215 0.041586 0.039403
0 0.236621 0.438903 0.034070 0.031917
0 0.270328 0.432062 0.035906 0.033875
0 0.660047 0.467347 0.057625 0.060167
0 0.227957 0.406021 0.022008 0.027014
0 0.255348 0.400528 0.024852 0.034056
0 0.268961 0.414882 0.024859 0.021681
0 0.297934 0.403486 0.028023 0.027583
0 0.476270 0.632667 0.059898 0.081889
0 0.700043 0.537701 0.057023 0.058625
0 0.736105 0.518403 0.052773 0.050639
0 0.285625 0.625569 0.053938 0.103528
0 0.616543 0.497646 0.051570 0.059653
0 0.842543 0.615944 0.072773 0.069472
0 0.778332 0.642958 0.087617 0.117111
0 0.262273 0.898542 0.121719 0.191667
0 0.438078 0.582187 0.048578 0.062819
0 0.552844 0.472118 0.052297 0.055625
0 0.292566 0.503799 0.040148 0.049764
0 0.623305 0.679708 0.078016 0.101861
