0 0.555629 0.460847 0.035242 0.038972
0 0.825617 0.553174 0.072453 0.071042
0 0.765852 0.602361 0.068687 0.075500
0 0.559059 0.775174 0.082117 0.124764
0 0.835090 0.689382 0.090305 0.084542
0 0.485961 0.466681 0.033984 0.043111
0 0.262289 0.547590 0.051656 0.073597
0 0.282715 0.652715 0.056102 0.099875
0 0.323359 0.515882 0.047531 0.090819
0 0.502848 0.649896 0.069930 0.107847
0 0.245195 0.468882 0.037844 0.045958
0 0.352063 0.438153 0.024984 0.019639
0 0.396699 0.429840 0.020930 0.020986
0 0.971992 0.717507 0.056016 0.138625
0 0.455629 0.472097 0.040477 0.044389
0 0.228340 0.937021 0.126617 0.125958
0 0.202555 0.393604 0.033703 0.028014
0 0.275000 0.406792 0.033156 0.031583
0 0.306234 0.401910 0.037000 0.027681
0 0.324004 0.419493 0.038102 0.028986
0 0.624207 0.455375 0.057883 0.038833
0 0.641086 0.483882 0.055328 0.049431
0 0.613281 0.504049 0.050219 0.058514
0 0.419039 0.932451 0.147281 0.134431
0 0.382504 0.488840 0.049758 0.060097
0 0.315086 0.477701 0.056219 0.040514
