0 0.380480 0.425132 0.029461 0.033542
0 0.255340 0.458097 0.043633 0.030139
0 0.246758 0.430778 0.046016 0.032028
0 0.325480 0.414576 0.032211 0.035042
0 0.286910 0.403090 0.028398 0.027125
0 0.204609 0.395889 0.039406 0.032833
0 0.175422 0.389792 0.022531 0.029361
0 0.595125 0.528715 0.048922 0.060597
0 0.839027 0.618604 0.091758 0.080875
0 0.499820 0.556868 0.065250 0.073042
0 0.532348 0.674667 0.070008 0.105194
0 0.491508 0.462472 0.038531 0.040222
0 0.626020 0.499549 0.052102 0.053181
0 0.447813 0.457743 0.046500 0.048264
0 0.440617 0.581764 0.052109 0.067083
0 0.353422 0.465382 0.048797 0.066292
0 0.279227 0.579271 0.102594 0.212708
0 0.342871 0.543014 0.040086 0.067778
0 0.298934 0.523333 0.123211 0.097694
0 0.722699 0.548438 0.064523 0.070153
0 0.967863 0.707514 0.064273 0.129694
0 0.833352 0.547486 0.100016 0.081583
0 0.515070 0.437438 0.053031 0.043319
0 0.433469 0.421736 0.034125 0.033528
0 0.367137 0.437187 0.037961 0.042569
