0 0.565293 0.478840 0.051898 0.052153
0 0.682031 0.497563 0.052500 0.052875
0 0.800590 0.506889 0.063258 0.047667
0 0.567648 0.498556 0.055547 0.091250
0 0.778430 0.655236 0.084578 0.071583
0 0.332496 0.536979 0.043039 0.062375
0 0.629891 0.863542 0.144922 0.162472
0 0.248672 0.934972 0.129172 0.123222
0 0.467637 0.974181 0.141773 0.047611
0 0.370184 0.506361 0.043992 0.057194
0 0.189242 0.457396 0.041922 0.038403
0 0.273012 0.484778 0.045305 0.047861
0 0.321762 0.470472 0.043008 0.053111
0 0.301055 0.650069 0.051656 0.093056
0 0.709703 0.551840 0.060687 0.062014
0 0.821996 0.559021 0.068773 0.055764
0 0.424316 0.566549 0.052336 0.080403
0 0.388871 0.430111 0.030086 0.026444
0 0.363699 0.410549 0.022805 0.022792
0 0.343910 0.430250 0.035461 0.023917
0 0.298000 0.417167 0.029766 0.030389
0 0.279789 0.399993 0.023750 0.027014
0 0.247730 0.398444 0.025492 0.027306
0 0.216461 0.389722 0.032297 0.035750
0 0.955594 0.604542 0.060469 0.071000
0 0.258871 0.546056 0.041852 0.098833
